0.7946305
1.482632
0.4368631
1.254336
1.451167
0.7213893
1.287416
1.029908
0.7216694
2.565164
1.268461
1.029121
0.966696
0.862594
1.295571
1.030782
0.4328285
1.126463
1.016842
1.398651
0.4070894
0.4292361
0.9924528
0.4993226
1.102844
0.9448652
1.454203
0.3518108
0.4169005
0.2140486
1.915329
1.084504
0.9470938
0.430116
1.557148
0.4253093
2.188965
0.9465608
0.8765222
1.412692
1.510998
1.227441
1.008499
1.211177
2.699473
1.441118
0.9602893
1.705455
0.711097
0.3617397
0.4610872
0.7947806
1.641302
2.356946
1.210077
1.25005
1.556479
0.9788546
0.8887986
1.719813
1.206914
0.504025
1.369961
1.716336
1.820667
1.285781
0.6299146
0.6645145
1.262054
0.8204079
1.482093
1.390542
0.7324721
1.002461
1.198779
1.098279
1.471713
2.454905
1.471677
1.677238
0.8186498
1.304225
0.2211822
0.5323001
1.069071
0.7207798
0.6393518
0.3442937
0.5914724
0.8941846
1.487101
1.299141
0.7884512
1.427926
0.6403566
0.8205606
0.8388078
2.072916
0.9019192
1.325077
1.776655
0.9689892
1.50209
0.9089856
0.9875442
0.3370058
1.392793
0.9094397
0.3358458
0.6985825
0.715056
0.7290481
0.8693414
1.691558
1.057266
1.136928
0.529285
0.3439727
1.316984
0.7630031
0.5967134
2.266725
0.653513
0.7367378
0.39581
0.7708786
1.229534
1.580522
0.9133058
1.537195
1.643285
1.09243
1.140267
0.4732512
0.9832266
0.3147938
0.784986
1.319762
1.382034
1.146361
0.6706383
1.115293
0.5617386
0.8359495
2.606714
1.474474
0.9229078
0.7356075
1.950658
0.2531177
0.5098241
1.985388
1.088045
0.2982647
0.9268032
1.025665
1.275832
0.540924
0.530569
0.6031769
1.509407
1.267899
2.155446
0.74755
0.7687946
1.295963
1.708706
0.831774
0.8468587
0.321923
1.754825
1.931326
1.821033
0.9724402
0.7550087
1.85457
0.8784505
1.238702
1.047593
0.6301475
1.670358
0.9603553
0.8737402
0.8670958
0.9859324
0.588409
0.6258172
0.4718377
0.9370711
0.5634189
0.5038526
1.088917
1.267117
0.764182
1.017624
0.9434471
1.206285
2.865138
0.7096367
0.7368399
0.5201324
0.5899244
0.3929447
2.239643
0.5473129
0.6120963
1.130025
0.7206818
0.6441068
0.6601581
1.079562
0.458067
1.34777
1.092704
1.475376
0.4246798
0.3295753
0.7052308
0.3886343
0.9098449
1.699656
1.429073
1.272144
0.840403
1.679814
0.9230869
0.7385851
1.157833
0.6052878
1.798444
