0.2878578
0.2820072
0.2635083
0.2207894
0.08432993
0.1917259
0.1577908
0.03751345
0.408628
0.3436591
0.1979461
0.2616486
0.3631738
0.3350784
0.08362474
0.03766969
0.2665366
0.1081584
0.3160419
0.4135014
0.1886423
0.1864309
0.1822202
0.3234431
0.06463095
0.2666485
0.1011789
0.1604037
0.1259712
0.2304822
0.2057733
0.2367533
0.06229203
0.09085245
0.2415549
0.22464
0.247075
0.04979812
0.2662998
0.2122403
0.08092879
0.2366583
0.275379
0.4256227
0.3225377
0.4072636
0.166607
0.3036081
0.3237603
0.4492019
0.3180188
0.2485239
0.6612812
0.2826335
0.1203221
0.2457415
0.2520132
0.5263542
0.317935
0.2567179
0.265186
0.2295385
0.2985787
0.3096258
0.08937468
0.1037979
0.1369852
0.3213422
0.1604479
0.1342771
0.1505023
0.12665
0.2318797
0.1622852
0.3934351
0.206833
0.4416811
0.05780738
0.05374358
0.258235
0.1880784
0.2223444
0.1720887
0.0541864
0.01612245
0.2639392
0.1956167
0.2882428
0.2310563
0.2072241
0.673163
0.06346703
0.06597684
0.08383373
0.1049482
0.4348282
0.2279376
0.2103661
0.1510637
0.5816356
0.1467518
0.4229672
0.4232548
0.1477662
0.2404863
0.4085167
0.3194597
0.186054
0.2199165
0.09780995
0.06428013
0.05898015
0.3064375
0.3478314
0.08368919
0.1270601
0.2313309
0.08204019
0.1734049
0.08420994
0.1094396
0.1687319
0.01434064
0.105143
0.184277
0.06433365
0.1631371
0.1528096
0.1886797
0.2250437
0.2490495
0.3286359
0.1543804
0.3565033
0.3395883
0.04160244
0.3449134
0.2838517
0.1471713
0.2752816
0.4441942
0.07373329
0.3651198
0.08475045
0.2537971
0.2015893
0.08516614
0.1227679
0.3940196
0.1884077
0.2706459
0.1013948
0.06621151
0.2232282
0.4762526
0.1012648
0.1451262
0.1445024
0.4625362
0.09973444
0.2480067
0.2680007
0.4784834
0.1879871
0.1939947
0.5067316
0.1696286
0.3489803
0.3028319
0.1293048
0.04819414
0.0724078
0.277932
0.1962197
0.2075634
0.4521048
0.1381034
0.2313758
0.04826184
0.4402903
0.2372753
0.1227584
0.4007189
0.2740585
0.2696403
0.1972698
0.3405295
0.06689751
0.1517497
0.3391399
0.2386383
0.2060423
0.1093087
0.1949544
0.1481288
0.5062244
0.1812102
0.1057309
0.2144944
0.2576443
0.2520519
0.2027947
0.2005022
0.2358994
0.2699302
0.1903239
0.2718206
0.5211033
0.2548935
0.1288428
0.3303524
0.15237
0.1188577
0.1573545
0.1767608
0.04114744
0.08514376
0.08739857
0.2090349
0.1378679
0.3427375
0.1316592
0.3735707
0.09012632
0.01200338
0.1827763
0.2953752
0.2269253
0.1008254
0.1607729
0.1994113
0.03969166
0.1714663
0.1176408
0.1681238
0.06466316
0.1683565
0.04770608
0.1554604
0.5488991
0.2504037
0.4195957
0.07487725
0.03896798
0.1981836
0.1831216
0.1111886
0.3404398
0.2549856
0.08154209
0.06933337
0.4524859
0.09483822
0.03163183
0.08509356
0.1409375
0.1932173
0.5686918
0.3130668
0.2533189
0.2266196
0.268607
0.05021082
0.4560478
0.1743578
0.1241803
0.3856627
0.2637241
0.1336679
0.1346794
0.142787
0.06700996
0.1014778
0.1435905
0.2878605
0.5013754
0.1466101
0.1321518
0.3947268
0.1611938
0.2973611
0.3240565
0.08980825
0.2648653
0.41932
0.1192703
0.1756474
0.2862145
0.3631548
0.07551339
0.05338529
0.1586664
0.2584017
0.2026682
0.08488487
0.01681553
0.1936994
0.08284665
0.05156504
0.2430644
0.4568247
0.05710821
0.2401136
0.05039203
0.3153193
0.4139734
0.115604
0.08411897
0.1069153
0.1921544
0.5258133
0.2606377
0.2077763
0.1704908
0.2963548
0.1886275
0.246139
0.4033838
0.4395765
0.1340061
0.2495815
0.3369068
0.1994047
0.04361904
0.1135455
0.2709134
0.155861
0.02173554
0.1231227
0.06989573
0.03182368
0.1876698
0.2977672
0.08415061
0.09052685
0.130132
0.2197925
0.04904208
0.5928714
0.1766488
0.1515953
0.1561566
0.03031013
0.1792126
0.03180336
0.2176698
0.1940621
0.146213
0.2222961
0.101648
0.06407403
0.4487943
0.3451597
0.07398995
0.2863041
0.4243598
0.536821
0.3143423
0.3453105
0.09157002
0.08716115
0.2998304
0.3088113
0.330831
0.05708715
0.05962242
0.1000456
0.1085777
0.2243571
0.5209356
0.1072273
0.5399664
0.1872245
0.06833213
0.08237449
0.3044762
0.4249992
0.1914139
0.2090127
0.3271865
0.1773225
0.2399173
0.1295686
0.2922924
0.1991295
0.5579538
0.3706827
0.3560173
0.2845881
0.1535331
0.170601
0.4234724
0.1650685
0.1785145
0.2792093
0.3625161
0.1704236
0.05200582
0.01926495
0.1618823
0.05799409
0.2060831
0.1212623
0.04123227
0.06720206
0.3090152
0.1626992
0.04972045
0.1425243
0.101869
0.295633
0.3255533
0.4802656
0.1079913
0.1702158
0.2869396
0.271419
0.0999895
0.05012116
0.1218592
0.2339112
0.3793895
0.06198517
0.3537672
0.5241823
0.3957784
0.1881258
0.1228588
0.4249463
0.1550137
0.1211235
0.3288091
0.2501284
0.1919137
0.3386028
0.2766738
0.3524104
0.07372829
0.03341014
0.2455818
0.1250051
0.2048823
0.2806831
0.336358
0.2355682
0.1537933
0.162974
0.3868571
0.347467
0.5963188
0.1344416
0.08516732
0.2629816
0.202068
0.1397114
0.3701472
0.6124881
0.05783694
0.1892973
0.4678802
0.18166
0.02259465
0.1438132
0.004584264
0.3044856
0.409445
0.1758463
0.03715794
0.2990942
0.1457347
0.1271517
0.4436565
0.04035257
0.5185861
0.04696557
0.1949793
0.06296298
0.1228922
0.3256102
0.08862709
0.1770283
0.05063519
0.5362247
0.5393895
0.3158513
0.308379
0.1859717
0.08260257
0.12712
0.3563274
0.2030563
0.119726
0.2035752
0.1174361
0.5927679
0.1275439
0.163936
0.1626192
0.3247961
0.1238905
