1.123602 1
0.6889913 1
0.5139596 1
0.3465127 1
0.2756416 1
1.672744 1
0.3939929 1
0.387801 1
2.911516 1
0.207536 1
0.9720734 1
0.398896 1
0.4553635 1
0.7759606 1
1.423073 1
0.5805753 1
0.569309 1
0.5735391 1
0.1598404 1
0.786788 1
1.368446 1
0.8552094 1
0.939902 1
1.14345 1
0.8407087 1
1.395782 1
0.9565449 1
1.231055 1
0.5315378 1
1.1285 1
1.013352 1
0.8943152 1
0.6548217 1
0.90686 1
0.5956607 1
0.3745519 1
0.4693213 1
1.144964 1
0.7260235 1
1.804925 1
1.185046 1
0.6284061 1
0.5636936 1
1.42796 1
0.9206536 1
0.9445047 1
0.8781878 1
0.8549582 1
0.9027833 1
0.7256221 1
1.065945 1
1.173999 1
0.8807947 1
1.244929 1
1.207991 1
0.4907376 1
0.4321021 1
0.6507559 1
0.7944496 1
0.2914201 1
0.459811 1
0.9637333 1
0.5713822 1
0.8593213 1
0.4011231 1
1.382314 1
1.139623 1
0.4262701 1
1.560566 1
1.764218 1
1.602685 1
1.611703 1
2.040097 1
0.9578752 1
0.544855 1
1.157593 1
0.8017476 1
1.394524 1
1.417334 1
1.181452 1
0.5542557 1
1.043054 1
0.8910498 1
0.7946767 1
1.435222 1
1.51721 1
0.6515688 1
1.737066 1
1.2325 1
1.290389 1
1.018361 1
0.165228 1
0.8375811 1
0.8397905 1
1.209131 1
1.203437 1
0.6807903 1
1.039644 1
0.5508561 1
1.118607 1
1.369978 2
1.578033 2
0.0009952398 2
0.6386979 2
0.3380457 2
0.02393782 2
2.279037 2
0.008909808 2
0.19565 2
0.5327776 2
1.12655 2
0.9970446 2
0.04408098 2
1.876832 2
0.09016924 2
0.3827604 2
1.803574 2
1.121845 2
0.756356 2
0.3212411 2
3.607627 2
0.1414786 2
2.085674 2
0.01553905 2
3.496513 2
3.202593 2
1.700278 2
0.7073548 2
0.5255975 2
0.6753526 2
0.4959674 2
1.053939 2
0.7071517 2
0.6089316 2
0.5303389 2
0.2254736 2
0.7283876 2
2.79357 2
0.5995004 2
0.9222239 2
1.98689 2
0.006520385 2
0.1615212 2
0.9750792 2
2.316259 2
0.2162174 2
0.1364161 2
0.1797957 2
1.687081 2
0.2006706 2
1.912481 2
0.4657938 2
0.5580379 2
0.3044772 2
0.2159729 2
0.6823716 2
0.3699361 2
0.07075008 2
0.08651077 2
5.314086 2
0.3395066 2
1.751787 2
2.260587 2
0.4728827 2
0.125928 2
0.2877423 2
0.4070539 2
0.07108966 2
0.5582953 2
0.1067041 2
1.124033 2
0.1141402 2
0.08954238 2
1.717974 2
1.483595 2
0.05942606 2
1.274696 2
0.4872944 2
0.1709706 2
1.524363 2
0.5345043 2
0.6291209 2
0.2298473 2
1.407141 2
1.836728 2
0.1505856 2
1.460506 2
1.369857 2
0.6878014 2
0.808356 2
0.3632315 2
1.326618 2
1.752 2
1.224561 2
0.9999157 2
0.7502196 2
0.1119807 2
0.5588968 2
0.07207166 2
1.012869 2
1.374915 2
0.5659425 2
0.3884211 2
0.1802419 2
0.7421341 2
0.4775032 2
1.182684 2
1.98011 2
0.9231552 2
3.619175 2
0.3677161 2
1.082402 2
2.232345 2
0.09860524 2
0.623706 2
1.114397 2
0.5050435 2
1.943629 2
0.6167547 2
1.497687 2
0.4026962 2
0.9450792 2
0.6102126 2
0.7848802 2
0.07140905 2
0.1745908 2
0.8888238 2
0.2119962 2
4.75431 2
1.981311 2
0.1517512 2
0.1977488 2
0.2272782 2
0.17712 2
3.284068 2
1.576666 2
1.758171 2
0.3592509 2
1.216816 2
0.2567634 2
1.646516 2
0.6054783 2
0.2616795 2
0.3756227 2
0.9858337 2
0.418749 2
0.00797665 2
1.381576 2
1.095011 2
1.01194 2
